((("end" .
   [1 0 0])
  ("next" .
   [1 0 0 0])
  ("skipping" .
   [0 0 1 0 0 0 0 0])
  ("Running" .
   [1 0 0 0 0 0 0])
  ("Failed" .
   [1 0 0 0 0 0])
  ("comment" .
   [0 0 0 0 1 1 0])
  ("Log" .
   [2 0 0])
  ("current_run_details" .
   [0 0 0 0 0 0 0 0 0 0 0 0 0 0 0 0 0 0 1])
  ("JOBID" .
   [1 0 0 0 0])
  ("vserver" .
   [3 0 0 0 2 0 3])
  ("fail" .
   [1 0 0 0])
  ("pass" .
   [1 0 0 0])
  ("CR" .
   [2 0])
  ("s/.*" .
   [1 0 0 0])
  ("2" .
   [1])
  (".*" .
   [2 0])
  ("s/" .
   [1 0])
  ("eval-after-load" .
   [0 0 1 0 1 0 0 0 0 0 0 0 0 0 0])
  ("s" .
   [9])
  ("SubTeam" .
   [0 0 0 1 0 0 0])
  ("sasa" .
   [0 0 0 1])
  ("sas" .
   [0 0 1])
  ("split" .
   [0 0 0 1 0])
  ("If" .
   [1 2])
  ("nn" .
   [0 1])
  ("system" .
   [0 0 0 0 0 1])
  ("is" .
   [4 0])
  ("Android" .
   [0 0 0 1 0 0 0])
  ("ac-quick-help-scroll-down" .
   [1 0 0 0 0 0 0 0 0 0 0 0 0 0 0 0 0 0 0 0 0 0 0 0 0])
  ("not_eq" .
   [0 0 1 0 0 0])
  ("light" .
   [0 0 0 0 1])
  ("else" .
   [1 0 1 0])
  ("vec2" .
   [0 0 1 1])
  ("str" .
   [1 0 0])
  ("file" .
   [1 0 1 0])
  ("ac-limit" .
   [0 1 0 0 0 0 0 0])
  ("assq" .
   [0 0 1 0])
  ("ash" .
   [0 0 1])
  ("int" .
   [5 0 0])
  ("ifstream" .
   [1 0 0 0 0 0 0 0])
  ("ifs" .
   [0 0 1])
  ("for" .
   [9 0 3])
  ("cout" .
   [2 0 0 2])
  ("endl" .
   [0 0 0 1])
  ("scnReader" .
   [0 0 0 1 0 0 0 0 0])
  ("if" .
   [26 12])
  ("puts" .
   [2 0 0 2])
  ("mark" .
   [1 0 0 0])
  ("incy" .
   [3 0 0 0])
  ("include" .
   [0 0 0 2 2 0 0])
  ("Anti" .
   [0 1 0 2])
  ("ppm" .
   [0 0 1])
  ("class" .
   [0 0 0 0 1])
  ("inc" .
   [0 0 5])
  ("namespace" .
   [1 0 0 0 1 0 0 0 0])
  ("link" .
   [1 0 1 1])
  ("long" .
   [0 1 0 0])
  ("\n" .
   [1])
  ("string" .
   [0 0 0 0 0 1])
  ("incl" .
   [0 0 0 2])
  ("incz" .
   [1 0 0 0])
  ("sub" .
   [22 1 3])
  ("successfully" .
   [0 0 0 1 0 0 0 0 0 0 0 0])
  ("a" .
   [7])
  ("hope" .
   [1 0 0 0])
  ("fori" .
   [4 0 0 1])
  ("if (...) { ... }" .
   [0 0 1 0 0 0 0 0 0 0 0 0 0 0 0 0])
  ("some" .
   [1 0 0 0])
  ("_" .
   [7])
  ("arr" .
   [3 0 0])
  ("0" .
   [5])
  ("|" .
   [4])
  ("perl" .
   [1 0 0 0])
  ("-ne" .
   [2 0 0])
  ("s+" .
   [2 0])
  ("print" .
   [6 0 0 0 0])
  ("1" .
   [8])
  ("script," .
   [2 0 0 0 0 0 0])
  ("echo" .
   [3 0 0 0])
  ("-e" .
   [4 0])
  ("tst_pass" .
   [2 0 0 0 0 0 0 0])
  ("sed" .
   [3 0 0])
  ("tst" .
   [1 0 0])
  ("script" .
   [5 0 0 0 0 0])
  ("//" .
   [1 0])
  ("/g" .
   [1 0])
  ("n" .
   [1])
  ("testcases:" .
   [1 0 0 0 0 0 0 0 0 0])
  ("new_contents" .
   [0 0 0 2 0 0 0 0 0 0 0 0])
  ("eq" .
   [1 0])
  ("automation" .
   [1 0 0 0 0 0 0 0 0 0])
  ("PANIC_FOUND" .
   [1 0 0 0 0 0 0 0 0 0 0])
  ("db" .
   [3 0])
  ("log" .
   [1 0 0])
  ("ip" .
   [2 0])
  ("id" .
   [1 0])
  ("contains" .
   [1 0 0 0 0 0 0 0])
  ("tag" .
   [1 0 0])
  ("ns_mirror" .
   [2 0 0 0 0 0 0 0 3])
  ("Unit" .
   [1 0 0 0])
  ("unmount" .
   [1 0 0 0 0 0 0])
  ("offline" .
   [0 0 0 0 1 0 0])
  ("delete" .
   [0 0 0 0 1 0])
  ("true" .
   [1 0 1 0])
  ("false" .
   [1 0 0 0 0])
  ("return" .
   [6 0 0 0 0 0])
  ("TCD::PASS" .
   [5 0 0 0 0 0 0 0 0])
  ("AT_07183" .
   [0 0 1 0 0 0 0 0])
  ("TCD::FAIL" .
   [4 0 0 0 0 0 0 0 0])
  ("unless" .
   [2 0 0 0 0 0])
  ("_setup_single_node_vserver" .
   [1 0 0 0 1 0 1 0 0 0 0 0 0 0 0 0 0 0 0 0 0 0 0 0 0 0])
  ("aggrs" .
   [4 0 0 0 0])
  ("my" .
   [2 0])
  ("aggrs_ref" .
   [2 0 0 0 0 2 0 0 0])
  ("new_size" .
   [2 0 0 0 1 0 0 1])
  ("CVOL_NAME" .
   [0 0 0 0 1 0 0 0 0])
  ("ivol" .
   [2 0 0 0])
  ("repo" .
   [1 0 0 0])
  ("get_one_state_attribute" .
   [0 0 0 1 0 0 0 1 0 0 0 0 0 0 0 0 0 0 0 0 0 0 0])
  ("volume" .
   [1 0 0 0 0 0])
  ("node" .
   [2 0 0 0])
  ("availsize" .
   [0 0 0 0 0 1 0 0 0])
  ("Delete" .
   [1 0 0 0 0 0])
  ("mirror" .
   [1 0 0 0 0 0])
  ("$Test->nlog" .
   [4 0 0 0 0 0 0 0 0 0 0])
  ("the" .
   [13 0 0])
  ("an" .
   [1 0])
  ("efficiency" .
   [1 0 0 0 0 0 0 0 0 0])
  ("as" .
   [3 0])
  ("everything" .
   [1 0 0 0 0 0 0 0 0 0])
  ("priority" .
   [1 0 0 0 0 0 0 0])
  ("same" .
   [1 0 0 0])
  ("form" .
   [2 0 0 0])
  ("education" .
   [2 0 0 1 0 0 0 0 0])
  ("of" .
   [6 0])
  ("children's" .
   [2 0 0 0 1 1 0 0 2 0])
  ("are" .
   [2 0 0])
  ("children" .
   [4 0 0 0 0 0 0 0])
  ("their" .
   [7 0 0 0 0])
  ("and" .
   [5 0 0])
  ("learn" .
   [1 0 0 0 0])
  ("sketching" .
   [1 0 0 0 0 0 0 0 0])
  ("painting" .
   [2 0 0 0 0 0 0 0])
  ("They" .
   [1 0 0 0])
  ("desire" .
   [2 0 0 0 0 0])
  ("make" .
   [3 0 0 0])
  ("to" .
   [3 0])
  ("see" .
   [1 0 0])
  ("which" .
   [2 0 0 0 0])
  ("will" .
   [3 0 0 0])
  ("be" .
   [1 0])
  ("on" .
   [2 0])
  ("should" .
   [2 0 0 0 1 0])
  ("this" .
   [3 0 0 0])
  ("it" .
   [1 0])
  ("not" .
   [1 0 0])
  ("growth" .
   [1 0 0 0 1 0])
  ("with" .
   [3 0 0 0])
  ("Summarized" .
   [0 0 0 0 1 0 0 0 0 0])
  ("follows" .
   [1 0 0 0 0 0 0])
  ("at" .
   [1 0])
  ("point" .
   [1 0 0 0 0])
  ("students" .
   [1 0 0 0 0 0 0 0])
  ("inspire" .
   [1 0 0 0 0 0 0])
  ("in" .
   [1 0])
  ("that" .
   [2 0 0 0])
  ("they" .
   [1 0 0 0])
  ("give" .
   [1 0 0 0])
  ("them" .
   [1 0 0 0])
  ("inspiration" .
   [2 0 0 0 0 0 0 0 0 0 0])
  ("paint" .
   [1 0 0 0 0])
  ("ability" .
   [1 0 0 0 0 0 0])
  ("created" .
   [1 0 0 0 0 0 0])
  ("based" .
   [1 0 0 0 0])
  ("foundation" .
   [1 0 0 0 0 0 0 0 0 0])
  ("open" .
   [1 0 0 0])
  ("students'" .
   [1 0 0 0 0 0 0 1 0])
  ("imagination" .
   [0 0 0 0 1 0 0 0 0 0 0])
  ("let" .
   [1 0 0])
  ("find" .
   [1 0 0 0])
  ("create" .
   [1 0 0 0 0 0])
  ("target" .
   [0 0 0 1 0 0])
  ("=" .
   [1])
  ("creation" .
   [1 0 0 0 0 0 0 0])
  ("work" .
   [1 0 0 0])
  ("def" .
   [2 1 1])
  ("det" .
   [0 0 1])))
